nOrders = 4
nSlots = 7
p = [16.687911031548563, 39.886360437975, 147.64640043025213, 197.15673556314337]
l = [6, 5, 4, 3]
c = [25.314993489859315, 28.66827468632171, 18.32998215220716, 8.254563786221901]
mindi = [7, 5, 4, 6]
maxdi = [7, 6, 4, 6]
maxsur = 29.03881193679173
