nOrders = 4
nSlots = 12
p = [94.14031674565028, 147.01108510640532, 26.525518082391073, 166.19036005491608]
l = [8, 2, 6, 5]
c = [2.176777590398517, 7.265088284977778, 46.58919646895513, 10.23053028198236]
mindi = [9, 2, 12, 12]
maxdi = [11, 11, 12, 12]
maxsur = 49.18469141495778
